1
2
6
7
18
11
12
8
37
26
30
52
25
71
72
92
21
48
69
94
96
108
159
96
106
139
79
94
201
274
169
250
236
67
76
127
126
128
206
182
171
185
172
207
205
320
261
237
218
352
262
296
499
279
383
305
640
346
497
595
444
568
550
659
658
680
606
723
635
721
640
752
643
801
1046
998
806
1022
1101
1262
1322
1548
1147
1110
1340
1521
1766
1515
1392
1209
1483
1359
1604
0
3176
1888
2193
2124
1868
2115
3171
3059
2357
3019
2531
2389
3541
3486
3843
4149
3178
3274
2803
4163
4101
3395
3884
3721
3171
4213
4144
5335
6803
4586
5083
3782
5671
5271
8037
8934
8560
6578
6727
7033
7390
7945
7168
7254
8181
8125
10284
8670
9965
9488
10673
11470
10199
7129
10735
11996
9486
9674
10611
10142
12830
12066
11286
11306
11578
11643
8328
12462
13056
11541
8419
10965
8044
10549
10432
10142
9752
8498
9394
8024
7230
8901
9270
8235
8488
8394
8065
5327
7665
7343
7808
7424
6876
7355
5573
6698
7787
7568
6526
7927
6678
5359
7102
6731
6555
7494
7721
7018
5147
5839
5637
5660
6192
6616
6905
7106
7650
7875
8496
8121
8447
8569
7767
5015
6061
6823
8372
7017
7201
6311
8256
7561
8570
8672
8769
8174
9167
8166
8717
11187
10029
11033
9137
9935
6136
8692
9893
9756
8714
7440
5176
7612
8651
8686
8685
8307
7742
6471
5911
6875
7487
7954
7049
7924
6562
7515
8497
9496
10023
9103
8763
8430
7986
9297
9233
9285
9642
8854
5997
7510
7523
7778
8998
8163
8702

